6083737464548986370647410410175162492612434678796360268106926345908904670875398947318354017372075307
9357423701454714643063682762893618101853142307170849740320801926593145494164010703241438304181868964
28213625872X2453028524507971201435682425024746917324561761579643636793565783723076309270593707452406
5478978671747124671941643842873541829648437502735703415239057367081015734262510802452454901362648589
6080156868652878428725409013015814903206072757801964923703601052749370565016802398540218034814861038
5304795296027130946381068581564057252764365972179359856438390348480653149691280181923821892983627205
9051527621969617303727127820486278739613086238365623175259534202924870897938623506186506539028170196
8217296464031541285859083236952103656965472649038734732640805785637129632564234340391393152589421085
1823465309127656906018926487383046174379217185804606156982794870168204398780961686210284876327256814
4969142527064718192690780541691530917156040573135787087343565041089416260497243492962520534534593408
1397250472602837085905645486589681095023205328753614612062072725913168478763761861643863963292415029
4930602365831695751012863678127074531286523252496397081625647319621930167526413909764737516320740946
0765741524345024612404520263731690718940798124904673867196961851539141796217125142409496069032105734
1083125351570398589680681092029373275398031805061930743241280508958373418698980513010781394296563250
2728382523453547312905307636357584807639602764856708962893046081415089871947207656545967028704378578
5379614159124724650371492184561290632817071081367019059645268424398295952473919795616459543210749140
1918940412397816965896848491724909517159519603872180634206341817525707831797243274807014612039270939
6760381791575073529435089352903536853685402196930867048937656265497520289804170139732791839178541605
7404726213213258345120758735420154362864185280569293574159217938279838415059589484687610217953212767
3239015384047976173201573969309746156382961367218628657401321809581469069793217021245236406428965612
1491980591610647250845748302028407387413483604394194568128206238745076547940390365692590749241694764
0828512620471719542161812430146279531541637186717439197696157184217598783791423134751914131309525187
8752853867147492974906903192062023648704094235825314079864905252535263852960987673975289369715194903
6973121652385681838394181340236797974046852383043190310787373834707312126539642969824156975926207294
8695083085821738292745408054047131653767529245464341789475021512518278959480138423680367087289425383
5046514672458076050326317165260245027296312464057238068727467487646095147014916032029474521451684798
3531368201901960532539540917902069196517437947315729730314674209138783672128378580241982394808128673
5979583920567297806182408560731831642784741472452108475970193820519542937483585015434398058196341851
9195402875152373620893176381620367819078527806760865019236050475456768123804292874250173981729163038
7906769243609791957984059467313850925245456581231907328761703826834270574536130953075428706432726503
0187595378234612712050960328239403091670642165465715860824982471785381631791426490531769217218941212
4208424729685084925128729505157190149351586341801429076539323169376129825876974546252435705620608156
5752963206241216059241896329301959305029414616173168653743917945493717430185629434867912850905327209
1538691574714628434516423708082390834631859372607312368486538583876243015258596849370861924063570381
0960305867596504073765831972707424047140624189839187173918901032490176320745347574626280486387135090
7279620540304961910843703717416062913524051698284594691635712150323969208072895736507546107032694236
0592438165971714139318270349094517157101408069345062537893890906282183730383174807068909712165043927
2614852976820397815823698056820472482016840192026594969629361293529824174696393148246825896351857561
6941346091056929082138901370295865924161615343942108203495420137192752960251642639637276465906243128
8098202316270267368016530732742040195409262872198367636264073510854074239187167383240580219829475764
0514968641543629507874275804267975820943637963687191541596256835093405072491829292676734131965218931
8280145096780262163097021217970291308156424725019584804151987108719287913024943025429546362618327867
7548482908496093276408976742615356013539740818267093697564543891563719431815076481256270784786796389
4672925487870287940893239619761260170212369346031202972838364129676273515274585327540426956949089123
6039147206192831406131791763543106583051482784969323039524678216785060636189610509034269241390651806
2868364851947375194890547276985020670472539828451898540609712769401816952854256062580187678245835678
4146941976765080538304263068618535097121016302785616895496065895960595217083563817102495202708617313
6368508412018953725697041919729354184656791586514101380941696259897084859547351754975182580356529875
9723989676395278302754820790458589210741865657376794842735308362456496473084217020461969025418485943
4856750594754901540962703878736472026406212039868580451690627036593259068735741681327832657509852654
5463192631698512901071395014980219163794705358305378038752352301986864291587068137612525162791317342
2701370353760921279605919859392930879250314869854830940187424762764231348679710895874983938168170471
8062809547516818768191768703523058652535170582076926871061217254850920539243207052718290846025067063
9858964185464259204347514384398280137342427976901541345478681910328292026938694268675839262403740520
7591379424615915052760860931287857849268575640854304671292505759105068942146751049153914545796317138
0158696301462172709142798049434596172494684172647828249507358348749674081719543294209858323264856352
3404383726828456573638426234845652716908353418485350671872415780217149205878269141736123084029787073
7969597347042162691725763506323190904687576236348075293731808396725313816457618913510209808541941921
0823749892391497208078314367261583743138041724871853875820547540942698289395745246172845140424370315
8646252939710126439393472586108175134693624612053979094597620726159865406028274350687176326370202568
1278986464038745721084898061795426543265356291479368507320185617360653769176809735041341538585967476
8787294856212596512367032416028505460458971603741014159414873148189584201298136314597294859106203585
2570527927876307375048724857535631596375712037968350925240126320834265658057419726973703780463610706
6425960340281090642832975271083769371010901865257412792937963653597609565879067459841016136057351087
4952787606760746867328463727464137524254868576505071681484792921043018019321834234659705469268979716
0717909573259285404270326283281879281617986189262364958560263690372382606254792109875950375727636032
6243243454845107075987067536424686473105721036858698360901318382147809769393873642480736867190760717
1407172845172342728696192350172092357439573958904169689138157579374093102402018010143413976267625909
2649687609230706817238419173969340435326456376715273164691921431919281028071287526036064149046846031
7203452095461913735170731894350813982030198540469126513010194643635030285424164063503890862705104256
1789120208394878963538962786965471849391731056724048042732073070160204840945329635150675410279596894
0134931679140219176282178491098590638087576425161259309608534536893937529050235267287914676103281583
7347825181315625812638620943819154102953425073875160250275289308364052047562091641465751801650464274
6704397405636496597965253829647593971496517584289243839528041573816486935240287062041079158923583698
1023452872905051610594621275078075218589041638063850968676802142402870393425840418627101592171471876
4912079523780989163671912610950184949727910126871429705951298960297525658549604349183416816948639109
5831535071467535438460283967191691681895294909140686842515784845960703184902310153805603490695413723
4618714126035982570573160598320532572518051313289762191340350963781579610451404235410967582403624948
9086907204151467261245359150538083260484809495378279867057468698568297326178717404674581201214738102
0903654982868715793853164647483541547028028682013184132513193259830134094857864736323409760156101974
5147306091916280968076416276947607373294519724872970253272632192404279327173940861047536894208010185
4398575753743726271864834909275364926869024095356857084763060650617494749806136028782975353454969268
8910786960154168959129169280764592580236432917612434369107485329848956905030483219621623806173230716
1259279137348246712640373653251367638940645651267046545845914297504587681287917861719262350414127094
3686101406436108068592438567028414053625794287695162301530427512689732097160598034264980465379276159
0343937519794284621438142754969782549068479169279027636394752891254651671594163542121029604202689321
7938406192876506737380510517590176716456080895316815419520836249749492150601490327636246749184365450
1547148326514170949418185384062683838765954123640437643951458521058568683548613138570372365862104639
8953790747959763136802034728218147691989789845361843590729071275735689398250108354905907472597593127
4196373234171247015175367846352712940204614926418362903138905636469297956468437489769131636721059873
2571495451586861641392910524043129394738186450983130430253530468385608461796065397681658492409783464
9637203262127575805928694685702834756429374527356802018572692057079214983903298403297392045212372098
5843728758545796914850217373425262468670927352462181693761318510241898438439742849838575836496817961
3538267671483131845075950250514350143056053043923074329375856386960610679791654917026164317930564247
5469781094978780121916724328381242694891385802167249234281272610125854743016815042845816823459042571
4157393149749829683721849786806576587646023537693921673865321295952540674273909510982060134190807197
0613717878076730821568916594681734210589452784509689456473780879846852801842186865158301010364595381
828196456714027148737085738125780602643139089864130756352861729791816491X367970739503274281431739027
5402371781865640350802714029728698710759417365836121740212345725671735348125304191857802709547861710
6786106073298373943746149850834013538585764196494807439685494034289294817053949654929060393164946157
