7896580945830295051842438109279696X27054
8051953427296710425358749364614252153197
5292791910463263286189623718128536279386
1641946156032396738630286286709618763297
6052650705146562562109102469630952037108
3629307894975319297935273807073829404395
8305624081506804150158618973248793631058
2496918962072729304674806807891375468216
7952676426185950790146460534540748341803
6108917017514743187805757170271571632187
2586136341078064260236379534050612126748
5805719172437858306963601292783959503509
8368047914943904741604126306128368025093
2401508591602876106517617823239087868136
4067923280230740928760859157594313439470
1691041078042016356583673290242575613718
6543868383686130814835037857137838184645
5658081915901867437420263784346349043067
7125754894592595925672929896183065426489
3684X75178163049087306868185057893864590
